0.00000 -0.66629 -0.45203 0.00000 -0.38204 -1.51352 0.00000 0.00000 0.00000 -0.68542 1.49486 0.00000
0.00000 0.00000 0.00000 0.00000 0.00000 0.00000 1.23616 0.00000 0.00000 0.00000 0.00000 0.00000
0.00000 1.02231 0.00000 0.00000 0.00000 0.00000 -1.27645 0.00000 0.00000 0.00000 0.00000 0.00000
0.00000 0.00000 0.00000 0.00000 0.00000 -0.39321 0.00000 0.00000 -1.98384 -0.32001 0.00000 0.00000
0.00000 0.00000 0.00000 0.71598 0.00000 0.56706 0.00000 1.11817 1.24067 0.00000 0.00000 0.00000
0.00000 0.00000 0.00000 0.00000 0.00000 0.00000 0.00000 -0.70419 0.00000 0.00000 0.00000 0.00000
0.00000 0.00000 0.00000 0.00000 0.00000 0.00000 0.00000 0.00000 0.00000 0.00000 0.00000 0.00000
0.00000 0.00000 0.00000 0.00000 0.00000 0.00000 0.00000 0.00000 0.69990 0.00000 0.00000 0.00000
0.00000 0.00000 0.00000 0.00000 0.00000 0.00000 0.00000 0.00000 0.00000 0.00000 0.00000 0.00000
0.00000 0.00000 0.00000 0.00000 0.00000 0.00000 2.28664 0.00000 -0.45011 0.00000 0.00000 0.00000
0.00000 -0.50524 -0.51540 0.00000 0.61131 0.87715 0.00000 -1.08720 0.71774 0.00000 0.00000 0.00000
0.00000 0.00000 1.08202 0.00000 1.79151 0.37807 0.00000 0.00000 2.04055 1.14402 0.00000 0.00000
