0.00000 0.00000 0.00000 1.07763 0.00000 0.00000 0.00000 0.00000 0.64267 0.36640 0.89623 -0.59388
0.00000 0.00000 0.89409 0.00000 0.00000 0.00000 0.00000 0.00000 0.00000 -0.46921 0.00000 0.00000
0.00000 0.00000 0.00000 0.00000 0.00000 0.00000 0.00000 -0.32535 -0.73603 0.00000 0.56590 0.00000
0.00000 0.00000 0.00000 0.00000 0.00000 0.00000 0.00000 0.00000 -0.62727 0.00000 0.00000 0.00000
0.71539 0.00000 0.00000 0.00000 0.00000 0.00000 0.00000 0.00000 0.53790 0.81996 0.45960 0.55732
0.00000 0.00000 0.00000 -0.32431 0.00000 0.00000 -0.55535 0.00000 -0.36675 0.00000 -0.89283 0.00000
0.00000 0.00000 0.00000 0.60896 0.00000 0.00000 0.00000 0.30386 0.00000 -0.35453 0.00000 0.87500
0.00000 0.00000 0.00000 0.00000 0.00000 0.00000 0.00000 0.00000 0.00000 0.44625 0.00000 0.00000
0.00000 0.00000 0.00000 0.00000 0.00000 0.00000 0.00000 0.00000 0.00000 -0.49044 0.00000 1.00034
0.00000 0.00000 0.00000 0.00000 0.00000 0.00000 0.00000 0.00000 0.00000 0.00000 0.00000 0.00000
0.00000 0.00000 0.00000 -0.30664 0.00000 0.00000 -0.34923 0.00000 0.34029 0.31122 0.00000 -0.65281
0.00000 0.00000 0.00000 0.00000 0.00000 0.00000 0.00000 0.00000 0.00000 0.41729 0.00000 0.00000
