0.00000 0.00000 0.00000 0.47937 0.41217 0.00000 -0.87928 0.00000 0.96850 0.10077 0.78177 -0.59740
0.00000 0.00000 0.99477 0.87659 0.00000 0.00000 0.00000 0.32104 0.00000 -0.59087 0.00000 0.00000
0.00000 0.00000 0.00000 0.00000 0.00000 -0.07175 0.00000 0.00000 -0.54094 0.28917 0.64185 -0.25230
0.00000 0.00000 0.00000 0.00000 0.00000 0.00000 0.59914 0.00000 -0.77211 0.00000 0.00000 0.00000
0.00000 0.00000 0.00000 0.00000 0.00000 0.00000 0.00000 -0.75207 0.50682 0.96276 0.44085 0.00000
0.00000 0.00000 0.00000 0.00000 0.00000 0.00000 0.00000 0.97761 -0.40920 0.00000 -0.88697 0.00000
0.00000 0.00000 0.00000 0.00000 0.00000 0.00000 0.00000 0.22847 0.00000 0.00000 -0.09171 0.89954
0.00000 0.00000 0.00000 0.00000 0.00000 0.00000 0.00000 0.00000 -0.52207 0.42307 0.00000 -0.58165
0.00000 0.00000 0.00000 0.00000 0.00000 0.00000 0.00000 0.00000 0.00000 0.00000 0.06537 0.96917
0.00000 0.00000 0.00000 0.00000 0.00000 0.00000 0.00000 0.00000 0.00000 0.00000 0.00000 0.44779
0.00000 0.00000 0.00000 0.00000 0.00000 0.00000 0.00000 0.00000 0.00000 0.00000 0.00000 -0.61841
0.00000 0.00000 0.00000 0.00000 0.00000 0.00000 0.00000 0.00000 0.00000 0.00000 0.00000 0.00000
