0.00000 0.00000 0.00000 0.00000 0.00000 0.00000 0.00000 0.00000 0.00000 0.68544 0.00000 0.00000
-1.08495 0.00000 -0.55288 0.00000 -0.56389 0.99224 0.00000 0.57611 0.00000 0.73608 0.00000 0.00000
0.00000 0.00000 0.00000 0.00000 1.03667 0.00000 0.00000 0.00000 0.00000 0.00000 -1.62967 0.00000
0.00000 0.00000 0.00000 0.00000 0.00000 -0.34309 0.00000 0.00000 0.00000 -2.04253 0.00000 0.00000
0.00000 0.00000 0.00000 0.00000 0.00000 0.00000 0.00000 0.00000 0.00000 0.00000 1.54667 0.00000
-0.75612 0.00000 0.00000 0.00000 0.00000 0.00000 0.00000 0.00000 0.00000 0.00000 0.00000 0.00000
0.00000 0.00000 0.00000 0.00000 0.00000 0.00000 0.00000 0.00000 0.00000 -0.55770 2.30281 0.00000
1.23232 0.00000 0.00000 0.71995 0.00000 0.47805 0.00000 0.00000 0.00000 1.30939 0.00000 0.00000
0.00000 0.00000 0.97467 0.00000 0.00000 0.39807 1.07587 1.88307 0.00000 2.03202 0.00000 0.00000
0.00000 0.00000 0.00000 0.00000 0.00000 0.00000 0.00000 0.00000 0.00000 0.00000 0.00000 0.00000
0.00000 0.00000 0.00000 0.00000 0.00000 0.00000 0.00000 0.00000 0.00000 0.00000 0.00000 0.00000
0.00000 1.47470 -0.44625 0.00000 -0.73325 -1.60550 -0.61842 -0.38651 0.00000 0.00000 0.00000 0.00000
