0.00000 1.53627 0.59546 1.77154 0.00000 1.11814 0.00000 -0.58716 0.00000 0.00000 0.00000 -0.32641
0.00000 0.00000 0.00000 0.00000 0.00000 0.00000 0.00000 0.00000 0.00000 0.00000 0.00000 0.00000
0.00000 -1.27954 0.00000 0.00000 0.00000 0.31267 0.60213 0.00000 0.00000 0.00000 0.00000 0.00000
0.00000 0.00000 0.00000 0.00000 0.00000 -0.32803 -0.36217 0.00000 0.00000 0.00000 0.00000 -0.76181
0.00000 -2.47227 0.00000 0.38910 0.00000 -0.39598 -0.49889 0.97602 0.80155 0.00000 0.00000 0.00000
0.00000 0.00000 0.00000 0.00000 0.00000 0.00000 0.00000 0.00000 0.00000 0.00000 0.00000 0.00000
0.00000 0.00000 0.00000 0.00000 0.00000 0.84358 0.00000 0.00000 0.00000 0.00000 0.00000 0.00000
0.00000 0.00000 0.00000 0.00000 0.00000 0.00000 0.00000 0.00000 0.00000 0.00000 0.00000 0.00000
0.00000 -2.34248 0.30709 1.08031 0.00000 -1.42684 -0.35636 -0.50657 0.00000 0.00000 0.00000 0.00000
0.00000 1.29984 -0.74193 1.47168 0.00000 0.00000 0.00000 0.39342 0.00000 0.00000 0.00000 -0.31736
0.00000 0.47459 0.00000 0.40048 0.00000 0.92839 0.00000 1.28762 0.00000 1.21168 0.00000 0.00000
0.00000 0.00000 0.00000 0.00000 0.00000 0.00000 -0.30255 0.00000 0.00000 0.00000 0.00000 0.00000
