0.00000 -1.23391 0.00000 0.00000 0.00000 0.00000 0.00000 0.00000 0.00000 0.00000 0.56535 0.00000
0.00000 0.00000 0.00000 0.00000 0.00000 0.00000 0.00000 0.00000 0.00000 0.00000 0.00000 0.00000
0.00000 0.00000 0.00000 0.00000 -0.32558 0.00000 0.00000 0.00000 0.00000 0.00000 -0.34731 -0.76314
0.00000 0.34085 0.00000 0.00000 0.86877 1.08552 0.00000 0.00000 1.17436 0.00000 0.00000 0.00000
0.00000 0.00000 0.00000 0.00000 0.00000 0.00000 0.00000 0.00000 0.00000 0.00000 0.00000 0.00000
-0.67712 1.46317 1.40708 0.00000 0.00000 0.00000 0.00000 0.00000 0.36547 0.00000 0.00000 -0.34203
0.00000 -2.06241 0.00000 0.00000 0.00000 0.00000 0.00000 0.00000 0.98517 0.71305 -0.50502 0.00000
0.52582 1.50987 1.63357 0.00000 1.07589 0.00000 0.00000 0.00000 -0.59841 0.00000 0.00000 -0.36918
0.00000 0.00000 0.00000 0.00000 0.00000 0.00000 0.00000 0.00000 0.00000 0.00000 0.00000 0.00000
0.33342 -1.91450 1.11870 0.00000 -1.26577 0.00000 0.00000 0.00000 -0.50772 0.00000 -0.34976 0.00000
0.00000 0.00000 0.00000 0.00000 0.87855 0.00000 0.00000 0.00000 0.00000 0.00000 0.00000 -0.32380
0.00000 0.00000 0.00000 0.00000 0.00000 0.00000 0.00000 0.00000 0.00000 0.00000 0.00000 0.00000
