0.00000 0.70818 0.40182 -0.58541 0.00001 -0.30279 0.11233 -0.22926 0.65349 0.05881 0.32430 0.61270
0.00001 0.00000 -0.61205 0.49518 0.00001 -0.15466 -0.06809 0.13896 -0.72641 0.70358 -0.07193 -0.34751
-0.00000 -0.00001 0.00000 -0.14125 0.00001 0.99961 0.22726 0.79799 0.01434 -0.05955 0.28014 0.48098
0.00000 0.00000 -0.00006 0.00000 -0.00000 -0.00005 -0.11524 -0.23985 0.00001 0.68986 0.12930 1.11319
0.90319 -0.18660 0.24136 0.05512 0.00000 0.03567 0.04075 0.23817 -0.02447 0.01697 0.55147 0.57081
-0.00001 -0.00001 0.00000 -0.03847 -0.00000 0.00000 -0.00665 -0.55647 -0.43316 -0.56837 0.10225 0.55856
0.00000 -0.00001 0.00001 0.00004 0.00004 0.00000 0.00000 0.00000 0.00000 0.74949 0.00001 0.00002
0.00000 0.00000 -0.00000 -0.00004 -0.00000 -0.00001 0.75043 0.00000 0.00000 0.08470 -0.69971 -0.00002
0.00000 -0.00000 -0.00002 0.76932 0.00001 -0.00001 -0.73086 0.43547 0.00000 -0.37489 0.67412 -0.30606
0.00001 0.00001 -0.00000 0.00002 0.00008 -0.00001 0.00000 0.00000 0.00001 0.00001 0.00003 0.00012
0.00001 -0.00002 0.00001 0.00011 0.00002 0.00001 0.89404 -0.00001 0.00002 0.10338 0.00000 0.00004
0.00000 -0.00001 0.00001 0.00001 0.00001 0.00000 0.05148 -0.56991 0.00001 -0.01906 0.34902 0.00001
