0.00000 0.00000 0.00000 0.00000 0.00000 -0.30683 0.00000 0.00000 0.00000 0.87596 0.00000 0.00000
-0.89677 0.00000 -0.31822 0.00000 -0.42944 0.55303 0.00000 0.46372 0.00000 0.99693 0.00000 0.00000
0.00000 0.00000 0.00000 0.00000 0.74619 0.00000 0.00000 0.00000 0.00000 0.00000 0.00000 0.00000
0.31745 0.00000 0.00000 0.00000 0.00000 0.00000 -0.32038 0.39169 0.00000 -1.58643 -0.38374 0.00000
0.00000 0.00000 0.00000 0.00000 0.00000 0.00000 0.00000 0.00000 0.00000 0.00000 0.56666 0.00000
-0.62138 0.00000 0.00000 0.00000 0.33628 0.00000 0.00000 0.00000 0.00000 0.00000 0.32326 0.00000
0.00000 0.00000 0.00000 0.00000 -0.45423 0.00000 0.00000 0.00000 0.00000 0.00000 1.85741 0.00000
0.51804 0.00000 0.00000 0.50542 0.00000 0.46271 0.00000 0.00000 0.00000 0.70413 0.00000 0.00000
0.00000 0.00000 0.62831 0.64106 0.00000 0.00000 0.72045 0.57698 0.00000 1.20873 0.00000 0.00000
0.00000 0.00000 0.00000 0.00000 0.00000 0.00000 0.00000 0.00000 0.00000 0.00000 0.00000 0.00000
0.00000 0.00000 0.00000 0.00000 0.00000 0.00000 0.00000 0.00000 0.00000 0.00000 0.00000 0.00000
0.00000 0.87507 0.00000 0.00000 -0.35005 -0.86699 0.00000 0.00000 0.00000 0.47411 -0.41329 0.00000
