0.00000 0.00000 0.00000 0.00000 0.00000 0.00000 0.00000 0.00000 0.00000 0.00000
0.00000 0.00000 0.00000 0.00000 0.00000 0.00000 0.00000 0.00000 0.69398 0.00000
0.00000 0.00000 0.00000 0.00000 0.00000 0.00000 0.00000 0.00000 0.00000 0.00000
0.00000 0.00000 0.78932 0.00000 0.00000 0.00000 -1.21087 -1.26320 0.00000 0.70243
0.00000 0.00000 0.00000 0.00000 0.00000 0.00000 0.00000 0.00000 -1.59376 1.95283
0.75799 0.00000 0.00000 0.00000 0.00000 0.00000 0.00000 0.00000 0.00000 0.00000
0.00000 0.00000 0.00000 0.00000 0.00000 1.47986 0.00000 0.00000 0.00000 0.71683
0.00000 0.00000 0.00000 0.00000 0.00000 0.00000 0.65382 0.00000 0.00000 0.00000
0.00000 0.00000 -1.31001 0.00000 0.00000 0.00000 0.00000 0.00000 0.00000 0.00000
0.00000 0.00000 0.00000 0.00000 0.00000 0.00000 0.00000 0.00000 0.00000 0.00000
