(Length-1 13
        (4)
        (5)
        (6)
        (7)
        (8)
        (9)
        (10)
        (20)
        (30)
        (40)
        (50)
        (3)
        (1)
)
(Length-2 29
        (4 5)
        (4 6)
        (4 8)
        (4 9)
        (4 10)
        (4 3)
        (4 2)
        (6 8)
        (6 9)
        (6 10)
        (6 1)
        (7 9)
        (7 20)
        (7 50)
        (8 9)
        (8 10)
        (9 10)
        (9 20)
        (9 50)
        (9 2)
        (10 30)
        (10 40)
        (10 50)
        (10 2)
        (20 50)
        (30 40)
        (30 50)
        (40 50)
        (50 3)
)
(Length-3 14
        (4 6 9)
        (4 8 9)
        (4 9 10)
        (4 2 8)
        (4 2 10)
        (6 8 9)
        (6 9 10)
        (6 1 9)
        (7 9 20)
        (7 20 50)
        (9 20 50)
        (10 30 40)
        (10 40 50)
        (30 40 50)
)
(Length-4 0
)
