0.00000 0.62889 0.00000 -0.51459 0.00000 0.00000 0.00000 0.00000 0.68445 0.00000 0.37049 0.00000
0.00000 0.00000 -0.40808 0.00000 0.00000 0.00000 0.00000 0.00000 -0.66450 0.82971 -0.31398 0.00000
0.00000 0.00000 0.00000 0.00000 0.00000 0.83503 0.00000 0.79319 0.00000 0.00000 0.00000 0.45109
0.00000 0.00000 0.00000 0.00000 0.00000 0.00000 0.00000 0.00000 0.00000 0.66072 0.00000 0.69051
0.76083 0.00000 0.00000 0.00000 0.00000 0.00000 0.00000 0.00000 0.00000 0.00000 0.38243 0.33561
0.00000 0.00000 0.00000 -0.32426 0.00000 0.00000 0.00000 -0.51991 0.00000 -0.62977 0.00000 0.00000
0.00000 0.00000 0.00000 0.00000 0.00000 0.00000 0.00000 0.00000 0.00000 0.68693 0.00000 0.00000
0.00000 0.00000 0.00000 0.00000 0.00000 0.00000 0.59327 0.00000 0.00000 0.00000 -0.66362 0.00000
0.00000 0.00000 0.00000 0.00000 0.00000 0.00000 -0.60029 0.49342 0.00000 -0.42646 0.73167 0.00000
0.00000 0.00000 0.00000 0.00000 0.00000 0.00000 0.00000 0.00000 0.00000 0.00000 0.00000 0.00000
0.00000 0.00000 0.00000 0.30843 0.00000 0.00000 0.70235 0.00000 0.00000 0.00000 0.00000 0.00000
0.00000 0.00000 0.00000 0.00000 0.00000 0.00000 0.00000 -0.44352 0.00000 0.00000 0.00000 0.00000
