0.00000 0.89679 0.35635 0.00000 0.39983 -0.44826 0.00000 0.00000 0.85217 0.00000 0.00000 0.00000
0.00000 0.00000 -0.64904 0.00000 0.01207 0.00000 0.00000 0.00000 -0.69899 0.83810 0.00000 0.00000
0.00000 0.00000 0.00000 -0.61072 0.00000 0.90703 0.65104 0.80589 0.00000 0.00000 -0.03367 0.73420
0.00000 0.00000 0.00000 0.00000 0.00000 -0.15365 0.19644 -0.61083 0.61608 0.67617 0.09295 0.67647
0.00000 0.00000 0.00000 0.00000 0.00000 -0.28231 0.00000 0.00000 0.00000 0.00000 0.11672 0.00000
0.00000 0.00000 0.00000 0.00000 0.00000 0.00000 0.00000 -0.99115 0.00000 -0.58115 0.00000 0.00000
0.00000 0.00000 0.00000 0.00000 0.00000 0.00000 0.00000 0.00000 0.00000 0.86849 0.74112 0.00000
0.00000 0.00000 0.00000 0.00000 0.00000 0.00000 0.00000 0.00000 0.25384 0.00000 -0.86738 -0.47865
0.00000 0.00000 0.00000 0.00000 0.00000 0.00000 0.00000 0.00000 0.00000 -0.27811 0.78293 0.00000
0.00000 0.00000 0.00000 0.00000 0.00000 0.00000 0.00000 0.00000 0.00000 0.00000 0.00051 0.00000
0.00000 0.00000 0.00000 0.00000 0.00000 0.00000 0.00000 0.00000 0.00000 0.00000 0.00000 0.00000
0.00000 0.00000 0.00000 0.00000 0.00000 0.00000 0.00000 0.00000 0.00000 0.00000 0.00000 0.00000
