0.00000 -0.01781 0.02794 -0.00997 -0.06414 -0.00616 -0.00753 0.22866 0.04564 -0.84415
0.00041 0.00000 -0.10637 -0.00000 0.00110 0.00000 -0.00007 -1.93537 0.01782 -0.00722
0.00027 -0.00003 0.00000 0.00000 -0.00388 -0.00000 0.00024 -0.00029 -0.00030 -0.00003
-0.00055 -0.90289 0.96501 0.00000 -0.00191 0.00239 0.00004 -1.87824 0.00353 0.00987
-0.00006 0.00146 -0.00138 -0.00427 0.00000 0.00803 -0.00363 -0.00266 0.00484 -0.00240
-0.00016 1.41207 0.00156 0.00177 0.00044 0.00000 -1.54469 -1.66059 0.18471 -0.02020
0.00004 -0.13832 0.00708 -0.00340 -0.00024 -0.00000 0.00000 1.59078 -1.51340 -0.00263
0.00001 -0.00000 -0.03035 -0.00000 -0.00066 -0.00000 0.00001 0.00000 -0.00009 -0.00000
0.00001 0.00044 -0.02246 -0.00067 0.00155 0.00001 -0.00000 -0.17595 0.00000 -0.00000
-0.00001 -0.00045 -0.04668 0.00078 -0.00811 -0.00029 -0.00495 -0.98952 -0.92165 0.00000
