0 0
1 2
0 4
-1 6
0 7
-1 9
-1 10
0 13
0 14
-1 15
-1 16
-1 17
-1 18
-1 19
0 21
0 22
0 23
1 25
0 26
0 27
0 28
1 29
-1 31
1 32
-1 33
0 34
0 35
0 36
0 37
0 38
0 39
0 40
-1 41
0 42
0 43
1 44
-1 45
-1 46
0 47
-1 51
-1 52
-1 53
-1 54
0 57
-1 58
0 59
0 60
-1 62
0 63
0 64
0 65
0 66
1 67
0 68
0 69
-1 70
1 71
0 72
-1 73
-1 74
1 76
0 77
0 78
-1 79
0 80
-1 81
-1 82
1 83
0 84
0 86
-1 87
0 88
-1 89
0 90
-1 91
0 92
1 94
0 95
-1 96
-1 97
-1 98
-1 99
0 100
0 101
-1 102
0 103
0 104
1 106
0 107
-1 108
0 109
0 110
0 111
0 112
1 113
-1 114
-1 115
-1 116
0 117
1 119
0 120
1 121
1 122
-1 123
0 124
-1 126
-1 127
0 129
0 130
-1 131
1 133
-1 134
-1 135
-1 136
0 137
-1 138
-1 139
0 140
0 141
0 142
-1 143
0 144
0 145
-1 146
-1 147
0 149
-1 150
-1 152
0 153
-1 154
-1 155
0 156
-1 157
-1 158
-1 159
1 160
0 161
0 162
0 163
1 164
0 165
0 166
0 167
0 168
-1 169
0 170
0 171
0 172
-1 173
0 174
0 175
-1 177
0 178
0 179
-1 180
-1 181
-1 182
-1 183
0 184
0 186
-1 187
1 190
0 191
-1 192
0 193
-1 194
0 195
-1 196
0 197
0 199
-1 200
-1 201
-1 202
1 203
1 204
-1 206
0 207
-1 208
0 209
-1 210
0 211
-1 212
-1 213
0 214
0 215
0 216
1 217
-1 218
-1 219
0 220
-1 221
-1 222
-1 223
-1 224
0 225
-1 226
0 227
-1 229
0 230
0 231
-1 232
-1 233
0 234
-1 235
-1 237
-1 238
-1 239
0 240
-1 241
0 242
0 243
-1 244
0 245
-1 246
-1 249
-1 253
-1 254
-1 255
1 256
-1 257
-1 258
-1 259
0 260
-1 261
1 263
0 264
0 265
0 267
-1 268
1 269
1 270
1 271
0 272
-1 273
-1 274
1 275
-1 277
0 278
-1 279
-1 280
0 281
0 282
0 283
0 284
0 285
-1 287
-1 288
-1 289
-1 290
-1 292
-1 294
1 295
-1 296
-1 297
0 298
0 300
0 301
-1 303
-1 304
-1 305
0 306
-1 307
-1 308
0 309
-1 310
0 311
-1 312
1 313
-1 314
-1 315
0 316
-1 317
0 319
0 320
0 321
0 322
-1 323
-1 324
1 325
-1 327
-1 328
-1 329
-1 330
0 331
-1 332
-1 333
-1 334
-1 335
-1 336
-1 337
0 338
0 339
-1 340
-1 341
-1 343
0 344
-1 346
0 347
0 349
-1 350
-1 351
0 352
1 353
0 354
1 355
-1 356
-1 357
0 358
-1 359
-1 360
-1 361
0 362
-1 363
-1 364
0 365
-1 366
1 367
0 368
0 369
-1 371
0 372
-1 373
0 374
-1 376
-1 378
0 379
-1 380
-1 381
-1 382
-1 383
0 384
-1 385
-1 386
-1 388
0 389
-1 391
-1 392
0 393
1 394
-1 395
1 397
-1 398
-1 399
-1 400
0 401
-1 402
0 403
-1 404
0 406
-1 407
0 409
0 410
0 411
-1 412
0 413
0 414
0 415
0 416
-1 417
-1 418
-1 419
-1 420
-1 421
1 422
1 423
0 424
-1 425
-1 427
1 428
-1 429
1 430
-1 432
-1 433
1 435
-1 436
-1 437
-1 438
-1 439
1 440
-1 441
1 442
-1 443
0 444
1 445
0 446
-1 447
1 449
-1 450
1 453
-1 454
-1 455
-1 457
1 458
1 460
-1 461
0 463
-1 464
-1 466
-1 468
-1 469
-1 470
-1 471
-1 472
-1 473
-1 474
-1 476
-1 477
1 478
-1 479
-1 480
-1 481
-1 482
1 483
1 484
1 485
-1 486
-1 487
-1 488
1 489
1 493
1 494
0 496
-1 497
1 498
-1 499
1 500
1 501
1 503
-1 504
0 505
-1 506
1 507
-1 509
1 511
1 513
-1 515
1 517
-1 519
1 520
-1 521
-1 523
-1 525
-1 527
1 528
-1 529
-1 530
-1 531
-1 532
-1 533
-1 534
-1 537
0 538
-1 539
1 540
-1 541
-1 542
-1 543
-1 544
-1 546
-1 547
1 548
-1 550
-1 551
1 552
-1 555
1 556
-1 557
0 558
-1 559
0 560
-1 561
-1 562
1 563
-1 565
-1 566
-1 567
-1 568
-1 569
1 571
-1 572
-1 573
-1 574
1 575
1 576
1 581
1 582
1 584
1 585
-1 586
-1 589
-1 590
-1 591
-1 593
1 594
-1 595
-1 596
1 597
-1 598
1 601
0 602
0 603
1 605
-1 606
0 607
-1 608
-1 610
-1 612
-1 613
1 614
-1 615
0 616
-1 617
-1 618
0 619
-1 620
-1 621
0 623
-1 624
-1 625
0 626
-1 628
-1 630
-1 631
-1 632
-1 634
0 635
-1 636
1 637
1 638
1 641
-1 642
-1 645
-1 646
-1 647
1 648
-1 652
1 653
1 654
1 655
0 657
1 658
-1 659
1 660
-1 661
0 662
-1 663
-1 664
1 665
-1 666
1 667
-1 668
-1 670
1 671
-1 672
0 674
-1 675
1 677
0 680
-1 681
-1 682
-1 683
-1 687
-1 688
1 689
-1 690
-1 691
1 693
1 694
1 695
1 696
-1 699
-1 700
-1 701
0 702
-1 704
1 706
-1 708
-1 711
1 712
-1 713
-1 714
1 718
1 719
-1 720
-1 721
0 722
1 723
-1 725
-1 727
0 728
1 730
0 731
-1 734
0 735
-1 736
-1 737
1 738
0 740
1 741
-1 742
-1 743
1 744
1 745
1 746
1 747
-1 749
-1 753
-1 754
1 755
0 758
-1 762
1 763
1 765
-1 767
-1 770
-1 771
1 772
1 773
1 775
-1 776
-1 777
1 778
-1 779
1 780
-1 781
-1 782
1 784
-1 785
0 786
1 788
0 790
1 791
1 792
-1 793
-1 794
-1 796
-1 797
-1 798
1 799
0 800
1 801
-1 802
0 804
-1 805
1 806
-1 807
1 808
-1 809
-1 810
-1 812
-1 813
-1 818
-1 819
-1 820
-1 821
-1 822
-1 823
-1 824
-1 825
1 827
1 828
-1 830
-1 831
1 836
-1 837
-1 838
-1 839
1 840
-1 841
-1 842
-1 843
1 846
-1 847
-1 848
0 850
-1 851
-1 852
-1 853
1 854
1 857
1 858
-1 859
-1 860
-1 861
1 863
0 866
1 867
-1 868
0 869
1 870
1 871
-1 872
0 873
1 875
0 876
-1 877
-1 881
-1 882
1 883
-1 884
1 885
0 886
1 887
-1 888
-1 889
1 890
-1 894
1 896
1 897
1 898
-1 899
-1 900
-1 901
1 902
1 903
-1 904
-1 905
-1 906
0 907
1 908
-1 909
0 911
-1 912
0 913
-1 914
-1 919
0 921
0 922
-1 924
0 928
1 930
0 931
0 933
-1 934
-1 936
1 937
1 938
-1 939
-1 940
-1 941
-1 942
1 943
0 945
0 946
1 947
-1 948
1 949
-1 950
0 951
1 952
-1 953
-1 954
0 955
-1 956
1 958
-1 959
-1 960
0 961
-1 962
-1 963
-1 964
0 965
0 966
1 967
-1 968
-1 969
0 970
1 971
-1 972
1 974
-1 975
0 976
-1 977
-1 978
-1 979
0 981
-1 982
0 984
1 985
1 986
1 987
-1 989
-1 990
1 993
0 994
-1 997
-1 998
1 1000
-1 1001
-1 1002
-1 1007
1 1009
-1 1010
0 1011
0 1016
1 1017
-1 1022
-1 1023
-1 1024
1 1025
0 1026
0 1027
1 1029
-1 1030
-1 1031
-1 1032
0 1033
-1 1034
-1 1035
0 1038
-1 1039
-1 1040
1 1041
1 1043
-1 1044
0 1046
-1 1047
0 1048
-1 1051
0 1053
-1 1054
0 1055
-1 1057
-1 1058
-1 1060
-1 1061
-1 1062
0 1063
-1 1064
0 1065
0 1066
-1 1067
-1 1068
1 1072
-1 1073
0 1075
0 1076
1 1077
1 1078
-1 1079
0 1080
1 1081
1 1082
-1 1085
-1 1086
0 1087
-1 1090
-1 1093
1 1094
-1 1096
-1 1097
-1 1099
-1 1102
-1 1103
-1 1106
-1 1107
-1 1109
0 1110
1 1111
0 1113
-1 1114
-1 1115
-1 1116
-1 1118
-1 1123
1 1126
-1 1127
-1 1128
-1 1131
-1 1133
1 1135
-1 1136
-1 1137
-1 1143
-1 1144
-1 1146
-1 1147
-1 1148
1 1149
1 1150
-1 1151
-1 1152
1 1153
1 1154
-1 1155
-1 1156
-1 1157
1 1158
-1 1159
-1 1161
1 1162
-1 1163
-1 1164
1 1165
1 1166
-1 1167
1 1168
-1 1169
-1 1170
1 1171
1 1173
1 1174
1 1175
1 1176
1 1177
1 1178
1 1179
1 1180
-1 1181
0 1182
-1 1183
-1 1184
-1 1186
-1 1187
0 1188
1 1189
-1 1190
-1 1191
0 1192
1 1193
-1 1194
1 1195
1 1197
-1 1198
-1 1200
-1 1201
-1 1202
-1 1203
-1 1204
1 1205
1 1206
-1 1207
0 1208
-1 1210
-1 1211
-1 1212
-1 1213
1 1214
-1 1215
1 1216
1 1217
1 1218
-1 1219
0 1220
-1 1221
-1 1224
-1 1225
-1 1226
-1 1227
-1 1228
-1 1229
0 1230
-1 1231
0 1232
0 1233
-1 1234
-1 1235
-1 1236
-1 1238
1 1239
0 1240
-1 1241
-1 1242
1 1243
1 1244
-1 1245
0 1246
0 1247
0 1248
0 1249
0 1251
-1 1252
-1 1253
1 1254
-1 1255
1 1256
-1 1257
-1 1258
1 1259
0 1260
-1 1262
-1 1263
-1 1264
0 1265
-1 1266
-1 1267
0 1268
-1 1269
-1 1270
1 1271
-1 1272
0 1273
-1 1274
-1 1275
-1 1276
-1 1277
0 1279
-1 1280
1 1281
0 1282
-1 1283
1 1284
1 1285
-1 1286
-1 1287
0 1288
-1 1289
-1 1290
1 1291
-1 1292
1 1293
0 1294
-1 1295
-1 1296
1 1297
-1 1298
1 1300
0 1302
0 1303
-1 1304
-1 1305
0 1306
0 1307
-1 1308
-1 1309
-1 1311
0 1312
1 1313
0 1314
-1 1315
1 1317
-1 1318
0 1319
-1 1321
-1 1323
-1 1324
-1 1325
-1 1327
-1 1328
1 1329
1 1330
-1 1332
0 1333
-1 1334
0 1335
-1 1336
1 1338
1 1339
-1 1340
0 1341
1 1342
1 1343
-1 1344
-1 1345
1 1346
1 1347
-1 1348
0 1349
-1 1350
-1 1351
-1 1353
0 1354
-1 1357
-1 1358
-1 1359
1 1360
-1 1361
-1 1363
0 1364
-1 1365
1 1366
-1 1368
1 1369
1 1370
-1 1371
-1 1372
-1 1373
1 1374
0 1375
1 1376
1 1377
-1 1378
-1 1379
1 1380
-1 1381
-1 1382
0 1383
0 1384
0 1385
-1 1386
0 1388
1 1389
-1 1390
1 1391
1 1392
1 1393
-1 1394
-1 1395
-1 1396
0 1397
1 1398
-1 1399
-1 1402
-1 1403
-1 1404
-1 1407
-1 1408
0 1409
-1 1410
0 1411
-1 1412
0 1413
0 1415
1 1417
1 1418
1 1420
0 1421
1 1422
1 1423
1 1424
1 1425
-1 1426
-1 1427
-1 1428
1 1429
-1 1430
-1 1431
-1 1432
-1 1433
-1 1434
-1 1436
0 1437
-1 1438
1 1439
1 1440
-1 1441
-1 1442
1 1443
-1 1444
-1 1445
1 1446
-1 1447
-1 1448
-1 1449
-1 1451
-1 1452
-1 1453
-1 1455
0 1456
-1 1457
0 1458
1 1459
1 1460
1 1461
1 1462
1 1463
-1 1464
-1 1465
0 1467
0 1468
-1 1470
-1 1471
-1 1472
1 1473
-1 1474
1 1475
-1 1476
0 1477
1 1478
-1 1479
1 1480
1 1481
-1 1482
-1 1483
0 1484
0 1487
-1 1488
-1 1489
0 1490
-1 1491
1 1492
1 1493
-1 1494
1 1496
-1 1497
0 1498
-1 1499
-1 1500
0 1501
1 1502
-1 1503
1 1504
-1 1506
-1 1507
-1 1508
-1 1509
-1 1511
-1 1512
-1 1513
-1 1514
-1 1515
0 1517
0 1518
-1 1519
1 1520
-1 1521
-1 1522
-1 1523
-1 1524
-1 1525
-1 1526
-1 1528
-1 1529
0 1530
0 1531
-1 1532
1 1533
-1 1534
1 1535
-1 1536
-1 1538
1 1539
1 1540
-1 1541
-1 1542
-1 1543
-1 1545
1 1546
-1 1547
0 1548
-1 1549
0 1550
-1 1551
-1 1552
-1 1553
-1 1554
-1 1555
-1 1556
0 1557
0 1559
1 1560
0 1561
-1 1562
-1 1563
-1 1564
-1 1565
0 1566
0 1567
-1 1568
1 1569
1 1570
1 1571
0 1572
-1 1573
-1 1574
-1 1576
-1 1577
0 1578
1 1579
0 1580
-1 1581
-1 1582
-1 1584
1 1585
-1 1586
0 1587
-1 1588
0 1589
0 1590
-1 1591
-1 1592
-1 1594
0 1595
-1 1597
0 1598
-1 1599
0 1600
0 1601
-1 1602
-1 1603
-1 1604
1 1605
1 1607
-1 1608
-1 1609
0 1610
-1 1611
-1 1612
-1 1613
-1 1614
1 1615
-1 1616
1 1618
0 1620
-1 1621
0 1622
-1 1623
-1 1624
1 1625
0 1626
0 1627
-1 1628
-1 1630
0 1631
0 1632
-1 1633
0 1634
0 1635
0 1636
-1 1637
-1 1638
1 1639
1 1641
-1 1642
-1 1643
-1 1644
-1 1645
1 1646
-1 1649
-1 1650
0 1651
1 1652
1 1653
-1 1654
0 1655
-1 1656
-1 1657
-1 1658
0 1660
-1 1661
1 1662
-1 1663
0 1664
1 1665
0 1666
-1 1667
-1 1668
-1 1669
-1 1670
-1 1672
-1 1673
-1 1674
-1 1675
-1 1676
1 1677
-1 1679
-1 1680
0 1682
0 1683
-1 1684
0 1686
1 1687
-1 1688
-1 1689
1 1690
-1 1691
1 1692
0 1693
-1 1694
0 1695
-1 1696
1 1697
-1 1698
-1 1699
1 1700
-1 1701
-1 1702
-1 1703
-1 1705
-1 1706
-1 1707
-1 1708
-1 1710
1 1712
-1 1713
-1 1714
-1 1715
0 1716
1 1717
-1 1718
-1 1719
-1 1720
0 1721
-1 1722
-1 1723
-1 1724
1 1725
0 1726
-1 1727
0 1728
-1 1729
-1 1730
-1 1731
-1 1732
-1 1733
-1 1734
-1 1735
-1 1736
-1 1739
1 1740
-1 1741
-1 1743
1 1744
-1 1745
0 1746
1 1747
-1 1749
-1 1750
0 1751
-1 1752
1 1753
-1 1754
0 1755
-1 1757
-1 1758
-1 1759
1 1760
0 1761
-1 1762
1 1763
-1 1764
0 1765
-1 1766
-1 1767
-1 1768
-1 1769
-1 1770
1 1771
1 1772
1 1773
-1 1774
-1 1775
1 1776
0 1777
1 1778
-1 1780
-1 1781
-1 1782
-1 1783
-1 1784
-1 1786
-1 1787
-1 1788
-1 1790
1 1792
1 1793
-1 1794
-1 1795
-1 1796
0 1797
-1 1798
-1 1799
1 1801
0 1802
0 1803
-1 1804
0 1805
0 1806
-1 1807
0 1808
0 1809
1 1811
1 1812
1 1813
0 1814
0 1815
1 1816
-1 1817
0 1818
-1 1819
-1 1820
-1 1821
0 1822
1 1824
0 1825
-1 1826
-1 1828
1 1830
1 1832
1 1833
1 1835
0 1836
1 1837
1 1839
-1 1842
0 1843
1 1845
0 1846
0 1847
1 1848
1 1850
0 1851
0 1852
0 1854
0 1857
1 1858
1 1859
-1 1860
1 1861
0 1864
1 1868
1 1870
1 1871
0 1872
1 1875
-1 1876
0 1877
-1 1878
-1 1879
0 1880
0 1881
0 1882
-1 1883
0 1884
-1 1887
-1 1889
-1 1891
0 1893
1 1894
0 1896
1 1897
0 1898
1 1899
-1 1900
1 1901
-1 1902
-1 1904
0 1905
0 1906
1 1907
0 1909
-1 1910
0 1911
-1 1912
1 1914
0 1915
-1 1916
0 1918
0 1920
0 1922
1 1923
1 1924
1 1925
0 1926
0 1927
1 1928
1 1930
1 1931
0 1932
0 1933
1 1935
1 1938
1 1940
1 1941
1 1943
0 1944
-1 1946
1 1947
1 1948
1 1950
1 1952
-1 1953
1 1954
0 1957
0 1958
1 1959
1 1960
1 1962
1 1965
1 1967
1 1969
1 1970
0 1971
1 1973
-1 1974
-1 1975
1 1977
1 1978
1 1981
1 1983
-1 1985
0 1986
1 1987
-1 1988
1 1989
1 1991
1 1992
-1 1993
0 1994
1 1997
1 1998
1 2001
1 2004
1 2005
1 2007
0 2008
1 2009
1 2010
1 2011
-1 2012
0 2013
1 2018
1 2019
1 2021
-1 2023
1 2024
1 2025
1 2028
-1 2029
1 2030
1 2031
1 2032
-1 2033
1 2034
1 2035
1 2036
1 2037
0 2041
1 2042
1 2043
-1 2047
1 2050
1 2051
1 2052
0 2054
1 2055
1 2056
1 2059
1 2060
1 2061
0 2062
-1 2064
0 2065
-1 2066
1 2067
1 2068
0 2070
1 2071
1 2072
-1 2074
1 2075
1 2078
1 2080
1 2081
1 2082
0 2083
1 2084
-1 2085
1 2086
0 2088
1 2089
1 2090
1 2091
1 2094
1 2100
1 2101
0 2102
-1 2103
0 2104
1 2108
-1 2110
1 2113
0 2115
0 2116
-1 2119
1 2121
1 2123
-1 2124
1 2127
1 2129
1 2130
0 2131
0 2132
0 2133
1 2134
1 2136
1 2137
-1 2138
1 2139
0 2140
-1 2143
0 2144
-1 2145
1 2146
1 2147
-1 2150
1 2154
1 2155
1 2157
1 2158
1 2159
1 2162
1 2164
1 2165
-1 2168
-1 2169
0 2174
-1 2175
-1 2179
1 2182
1 2183
1 2184
1 2185
1 2188
-1 2191
1 2193
0 2194
1 2196
0 2199
-1 2200
0 2201
1 2202
1 2204
-1 2206
1 2207
1 2208
-1 2209
0 2211
1 2212
-1 2213
1 2214
-1 2215
1 2216
-1 2217
-1 2218
1 2223
0 2225
1 2226
0 2227
1 2228
1 2229
1 2230
1 2231
-1 2232
-1 2234
-1 2235
-1 2236
-1 2237
1 2239
1 2240
1 2243
1 2247
1 2249
1 2252
-1 2254
1 2255
-1 2256
1 2257
1 2259
1 2260
0 2261
1 2264
0 2266
-1 2267
1 2268
1 2269
1 2271
0 2272
1 2273
1 2278
1 2279
-1 2280
0 2281
1 2282
-1 2283
1 2285
1 2287
1 2288
1 2291
1 2292
1 2293
1 2295
1 2296
0 2297
1 2299
-1 2300
1 2302
1 2303
1 2304
1 2306
1 2307
1 2310
-1 2312
1 2316
0 2322
1 2325
1 2327
1 2328
0 2333
1 2334
1 2335
-1 2337
-1 2338
1 2339
-1 2340
1 2341
1 2343
-1 2344
0 2347
1 2349
1 2350
1 2351
-1 2353
1 2355
1 2356
0 2357
0 2361
-1 2362
-1 2363
1 2364
-1 2365
1 2366
0 2367
0 2373
-1 2374
1 2377
1 2378
1 2379
-1 2381
1 2382
0 2383
-1 2384
-1 2388
1 2392
-1 2393
1 2394
0 2395
1 2396
1 2398
1 2399
0 2400
0 2401
0 2402
0 2403
0 2404
0 2405
0 2406
0 2407
0 2408
1 2409
0 2410
0 2412
0 2413
0 2414
0 2415
0 2416
0 2417
0 2418
-1 2419
0 2420
0 2421
0 2422
0 2423
0 2424
0 2425
0 2426
0 2427
0 2428
0 2429
0 2430
0 2431
0 2432
0 2433
0 2434
0 2435
0 2436
0 2437
0 2438
0 2439
0 2440
0 2441
0 2442
0 2443
0 2444
-1 2445
0 2446
0 2447
1 2448
0 2449
0 2450
0 2451
-1 2452
1 2453
0 2454
0 2455
0 2456
0 2457
0 2458
0 2459
0 2460
0 2461
0 2462
0 2463
0 2464
1 2465
0 2466
0 2467
1 2468
0 2469
0 2470
0 2471
0 2472
0 2473
0 2474
0 2475
0 2476
0 2477
0 2478
0 2479
0 2480
-1 2481
0 2482
0 2483
0 2484
0 2485
0 2486
1 2487
0 2488
0 2489
0 2490
0 2491
-1 2492
0 2493
0 2494
0 2495
0 2496
0 2497
1 2498
0 2499
0 2500
0 2501
-1 2502
0 2503
-1 2504
0 2505
0 2506
0 2507
0 2508
0 2509
-1 2511
0 2512
-1 2513
0 2514
1 2515
0 2516
0 2517
0 2518
0 2519
0 2520
0 2521
0 2522
0 2523
0 2524
-1 2525
0 2526
-1 2528
0 2529
0 2530
0 2531
-1 2532
0 2533
0 2534
0 2535
0 2536
0 2537
1 2538
-1 2539
-1 2540
0 2541
0 2542
1 2543
1 2544
0 2545
0 2546
0 2547
0 2548
0 2549
0 2550
0 2551
0 2552
1 2553
0 2554
0 2555
0 2556
1 2557
-1 2558
0 2559
0 2560
0 2561
0 2562
0 2563
1 2564
-1 2565
0 2566
1 2567
0 2568
0 2569
0 2570
0 2571
0 2572
-1 2573
0 2574
0 2575
0 2576
0 2577
0 2578
0 2579
0 2580
0 2581
1 2582
0 2583
0 2584
0 2585
0 2586
0 2587
-1 2588
0 2589
0 2590
0 2591
0 2592
0 2593
0 2594
0 2595
0 2596
0 2597
0 2598
0 2599
0 2600
-1 2601
0 2602
0 2603
0 2604
0 2605
0 2606
0 2607
1 2608
0 2609
-1 2610
0 2611
0 2612
1 2613
-1 2614
0 2615
0 2616
0 2617
0 2618
0 2619
0 2620
0 2621
0 2622
0 2623
0 2624
1 2625
0 2627
0 2628
-1 2629
0 2630
0 2631
1 2632
0 2633
0 2634
0 2635
0 2636
0 2637
0 2638
0 2639
0 2640
0 2641
1 2642
-1 2643
0 2644
0 2645
0 2646
0 2647
0 2648
0 2649
1 2650
0 2651
0 2652
0 2653
0 2654
0 2655
0 2656
0 2657
0 2658
0 2659
0 2660
0 2661
0 2662
0 2663
0 2664
0 2666
0 2667
0 2668
0 2669
0 2670
0 2671
0 2672
0 2673
0 2674
0 2675
0 2676
0 2677
-1 2678
0 2679
0 2680
0 2681
0 2682
0 2683
0 2684
0 2685
0 2686
0 2687
0 2688
1 2689
0 2690
0 2691
0 2692
0 2693
0 2694
0 2695
0 2696
0 2697
0 2698
0 2699
0 2700
0 2701
0 2702
0 2703
0 2704
0 2705
0 2706
0 2707
0 2708
1 2709
0 2710
0 2711
0 2712
0 2714
0 2715
-1 2716
0 2717
0 2718
0 2719
0 2720
0 2721
0 2722
0 2723
-1 2724
1 2725
0 2726
0 2727
0 2728
0 2729
0 2730
0 2731
0 2732
0 2733
0 2734
0 2735
-1 2736
0 2737
0 2738
0 2739
0 2740
0 2741
-1 2742
0 2743
0 2744
0 2745
0 2747
0 2748
0 2749
0 2750
1 2751
0 2752
0 2753
0 2754
0 2755
0 2756
0 2757
-1 2758
0 2759
0 2760
0 2761
-1 2762
0 2763
0 2764
0 2765
0 2766
0 2767
0 2768
0 2769
0 2770
0 2771
-1 2772
1 2773
-1 2774
1 2775
0 2776
0 2777
0 2778
-1 2779
0 2780
0 2781
0 2782
-1 2783
0 2784
0 2785
0 2786
1 2787
1 2788
0 2789
0 2790
0 2791
0 2792
0 2793
0 2794
1 2795
0 2796
0 2797
0 2798
1 2799
0 2800
0 2801
0 2802
0 2803
0 2804
0 2805
0 2806
0 2807
0 2808
0 2809
-1 2810
0 2811
0 2812
0 2813
0 2814
0 2815
0 2816
-1 2817
0 2818
0 2819
0 2820
0 2821
-1 2822
0 2823
0 2824
0 2825
0 2826
0 2827
-1 2828
0 2829
0 2830
0 2831
0 2832
0 2833
1 2834
0 2835
0 2836
-1 2837
-1 2838
0 2839
0 2840
0 2841
0 2842
0 2843
0 2844
0 2845
0 2846
0 2847
0 2848
0 2849
0 2850
0 2851
0 2852
0 2853
0 2854
0 2855
0 2856
1 2857
0 2858
1 2859
0 2860
0 2861
0 2862
0 2863
-1 2864
0 2865
0 2866
0 2867
-1 2868
-1 2869
-1 2870
1 2871
1 2872
0 2873
1 2874
1 2875
0 2876
0 2877
0 2878
0 2879
-1 2880
0 2881
1 2882
0 2883
0 2884
0 2885
0 2886
1 2887
-1 2888
0 2889
0 2890
0 2891
0 2892
0 2893
0 2894
0 2895
0 2896
0 2897
0 2898
0 2899
0 2900
0 2901
0 2902
0 2903
0 2904
-1 2905
0 2906
1 2907
0 2908
0 2909
0 2910
0 2911
0 2912
0 2913
-1 2914
1 2915
0 2916
-1 2917
0 2918
-1 2919
0 2920
0 2921
1 2922
0 2923
0 2924
0 2925
1 2926
0 2927
0 2928
0 2929
0 2930
0 2931
0 2932
1 2933
0 2934
-1 2935
0 2936
1 2937
0 2938
0 2939
0 2940
0 2941
1 2942
0 2943
-1 2944
1 2945
0 2946
0 2947
1 2948
0 2949
0 2950
0 2951
0 2953
1 2954
0 2955
0 2956
0 2957
-1 2958
0 2959
0 2960
1 2961
0 2962
0 2963
0 2964
0 2965
0 2966
0 2967
0 2968
0 2969
0 2970
0 2971
0 2972
0 2973
0 2974
0 2975
0 2976
0 2977
0 2978
0 2979
0 2980
0 2981
0 2982
0 2983
-1 2984
0 2985
0 2986
0 2987
1 2988
0 2989
0 2990
0 2991
0 2992
0 2993
1 2994
0 2995
0 2996
0 2997
0 2998
0 2999
-1 3000
-1 3002
-1 3004
1 3005
0 3006
-1 3007
1 3008
-1 3009
1 3012
1 3013
-1 3014
1 3015
-1 3016
-1 3017
0 3018
1 3019
-1 3020
0 3021
-1 3022
1 3023
1 3024
1 3025
1 3027
1 3028
1 3029
0 3032
1 3033
1 3034
1 3035
0 3036
0 3038
-1 3040
1 3041
1 3043
1 3044
1 3045
-1 3047
0 3048
1 3049
0 3050
-1 3051
-1 3052
-1 3054
-1 3056
-1 3057
-1 3058
1 3060
1 3062
-1 3063
1 3065
0 3068
-1 3069
-1 3070
0 3071
-1 3072
-1 3073
-1 3074
1 3076
1 3077
0 3078
-1 3080
0 3081
0 3082
-1 3083
1 3085
1 3086
1 3088
-1 3089
-1 3090
-1 3092
-1 3093
1 3095
1 3096
1 3099
-1 3101
1 3102
-1 3103
1 3104
1 3105
1 3106
1 3107
-1 3108
-1 3109
-1 3110
1 3111
-1 3113
1 3115
1 3116
1 3118
-1 3119
-1 3120
-1 3121
-1 3122
-1 3123
-1 3124
-1 3125
1 3127
-1 3128
0 3130
-1 3132
1 3133
1 3135
-1 3136
1 3137
-1 3138
0 3140
0 3141
0 3143
-1 3144
1 3145
0 3146
1 3148
-1 3149
1 3150
0 3151
-1 3153
1 3154
-1 3155
0 3157
1 3159
1 3167
1 3168
-1 3169
-1 3170
-1 3171
1 3173
1 3174
-1 3175
-1 3177
-1 3178
-1 3180
1 3181
1 3182
1 3183
-1 3185
1 3187
1 3188
1 3189
1 3190
-1 3191
-1 3193
-1 3194
-1 3196
-1 3197
-1 3199
-1 3200
-1 3201
-1 3202
-1 3204
-1 3205
-1 3206
1 3207
-1 3208
-1 3209
1 3214
0 3216
-1 3217
-1 3218
-1 3219
-1 3220
0 3221
-1 3222
-1 3223
-1 3226
-1 3227
1 3228
-1 3229
1 3230
-1 3231
-1 3232
-1 3235
1 3236
-1 3237
-1 3238
-1 3239
1 3240
-1 3241
1 3242
-1 3246
0 3247
1 3252
1 3253
1 3254
1 3256
-1 3258
0 3259
1 3260
-1 3261
0 3263
-1 3264
-1 3265
-1 3268
1 3270
-1 3271
1 3272
1 3273
1 3274
1 3275
1 3276
1 3277
-1 3278
0 3280
1 3283
1 3284
1 3285
1 3286
1 3287
1 3288
1 3290
-1 3291
-1 3292
-1 3293
-1 3295
-1 3296
-1 3297
1 3298
0 3299
1 3300
-1 3301
-1 3302
-1 3303
-1 3305
-1 3307
1 3308
-1 3309
0 3312
-1 3314
1 3315
1 3316
1 3317
-1 3320
1 3321
1 3322
1 3324
-1 3326
1 3327
1 3333
-1 3334
-1 3336
-1 3338
-1 3339
-1 3340
-1 3342
1 3343
1 3344
1 3345
1 3346
1 3347
0 3348
0 3349
-1 3351
0 3352
-1 3354
1 3355
1 3356
-1 3357
1 3359
0 3365
1 3366
0 3368
0 3369
0 3370
1 3372
-1 3374
1 3376
1 3378
-1 3379
0 3380
-1 3384
0 3385
-1 3387
0 3388
-1 3389
-1 3390
-1 3391
1 3392
0 3393
0 3394
0 3395
1 3396
-1 3397
0 3398
-1 3399
-1 3400
-1 3401
-1 3402
-1 3404
-1 3405
-1 3406
-1 3407
-1 3408
1 3409
0 3410
1 3411
-1 3412
0 3413
0 3414
-1 3415
0 3416
-1 3419
-1 3420
-1 3421
0 3422
-1 3423
1 3424
0 3425
1 3428
-1 3431
1 3432
-1 3434
-1 3435
0 3438
0 3439
1 3441
0 3442
-1 3443
-1 3444
1 3447
-1 3448
-1 3449
0 3450
-1 3451
-1 3452
0 3453
-1 3454
0 3455
-1 3456
-1 3459
1 3461
0 3462
1 3463
-1 3465
-1 3466
0 3469
0 3470
1 3471
1 3472
1 3473
-1 3474
1 3475
0 3476
-1 3477
1 3479
1 3480
1 3481
0 3482
-1 3483
0 3484
-1 3485
-1 3486
0 3487
-1 3488
0 3492
0 3493
0 3494
-1 3495
0 3497
0 3500
-1 3502
0 3503
0 3504
0 3505
1 3506
1 3507
1 3510
0 3511
1 3514
0 3515
0 3516
-1 3517
0 3518
0 3519
-1 3520
0 3522
0 3523
1 3526
1 3527
0 3528
0 3529
-1 3530
-1 3532
1 3533
1 3534
1 3535
-1 3537
0 3538
0 3539
0 3540
1 3541
1 3542
1 3543
-1 3544
1 3545
1 3546
-1 3547
1 3548
1 3549
-1 3551
1 3553
-1 3554
1 3556
1 3557
0 3559
-1 3560
1 3561
0 3563
0 3564
-1 3565
1 3568
0 3569
1 3570
1 3571
1 3572
1 3573
1 3574
1 3575
1 3576
-1 3577
-1 3578
1 3579
0 3581
0 3582
0 3584
1 3585
1 3586
0 3587
1 3588
-1 3589
-1 3590
-1 3591
1 3593
0 3594
1 3595
0 3596
0 3597
1 3598
1 3599
0 3600
-1 3603
0 3604
-1 3605
-1 3606
-1 3607
1 3609
0 3610
1 3611
-1 3612
0 3613
0 3616
0 3617
0 3621
0 3624
1 3625
0 3626
0 3629
0 3630
0 3631
0 3636
1 3637
1 3638
-1 3639
-1 3640
0 3642
0 3643
1 3644
1 3646
1 3647
0 3648
0 3649
-1 3650
1 3651
-1 3652
0 3653
0 3654
0 3655
1 3656
0 3657
1 3658
0 3659
1 3660
0 3661
0 3662
0 3663
0 3664
0 3665
1 3666
1 3668
-1 3669
0 3670
0 3671
0 3672
-1 3673
0 3674
0 3676
1 3677
-1 3679
0 3680
1 3681
0 3682
0 3683
0 3684
0 3685
0 3686
0 3689
-1 3690
-1 3691
-1 3692
0 3693
0 3694
1 3696
0 3697
-1 3698
0 3700
-1 3701
0 3702
-1 3703
0 3704
-1 3706
-1 3707
-1 3708
-1 3709
0 3710
1 3711
-1 3712
-1 3714
-1 3715
0 3717
1 3718
-1 3719
0 3721
0 3722
-1 3723
-1 3724
-1 3725
0 3727
-1 3728
0 3729
-1 3730
-1 3731
-1 3733
0 3734
-1 3735
-1 3736
0 3737
0 3739
0 3740
0 3741
0 3743
0 3744
1 3745
0 3746
0 3748
0 3749
1 3750
1 3751
0 3753
1 3754
1 3756
0 3758
-1 3759
0 3760
0 3761
1 3767
0 3768
0 3769
1 3770
0 3771
0 3773
0 3774
0 3776
-1 3777
0 3778
1 3781
-1 3783
0 3784
-1 3786
1 3787
-1 3788
1 3789
0 3790
1 3792
0 3794
0 3795
1 3796
-1 3800
0 3801
0 3803
-1 3804
0 3805
-1 3808
1 3809
-1 3810
0 3812
-1 3813
0 3814
1 3817
-1 3818
-1 3819
0 3820
1 3822
0 3823
-1 3826
0 3830
-1 3831
0 3833
0 3834
0 3835
0 3836
0 3837
0 3838
-1 3839
0 3840
-1 3842
0 3843
-1 3845
-1 3846
-1 3847
-1 3848
-1 3849
1 3851
-1 3853
-1 3854
1 3855
-1 3856
-1 3857
0 3859
-1 3861
1 3863
0 3864
0 3865
-1 3866
0 3867
-1 3869
0 3870
-1 3872
-1 3874
1 3875
-1 3877
-1 3879
0 3880
0 3881
0 3882
0 3884
-1 3885
0 3886
0 3887
-1 3889
0 3892
-1 3893
1 3894
-1 3895
0 3896
1 3898
-1 3899
1 3901
-1 3902
-1 3903
-1 3904
0 3905
0 3906
-1 3907
-1 3909
-1 3911
0 3912
1 3914
-1 3915
-1 3916
0 3917
-1 3918
-1 3919
0 3920
0 3922
0 3923
0 3925
-1 3926
0 3927
0 3928
-1 3929
-1 3930
1 3931
1 3932
0 3933
-1 3934
-1 3935
1 3936
0 3937
1 3938
0 3939
0 3941
-1 3942
0 3943
0 3946
0 3948
1 3950
0 3951
1 3952
1 3953
0 3954
0 3955
1 3957
1 3960
0 3961
-1 3962
0 3963
0 3964
1 3965
-1 3968
-1 3969
0 3970
-1 3971
0 3972
0 3973
0 3974
0 3976
1 3977
0 3978
0 3980
-1 3981
-1 3982
1 3985
-1 3986
-1 3987
0 3988
-1 3989
-1 3990
0 3991
1 3992
1 3994
1 3995
1 3996
-1 3997
0 3998
1 4002
0 4003
1 4004
-1 4006
-1 4007
0 4008
-1 4009
1 4010
0 4011
-1 4012
1 4013
0 4014
0 4015
0 4017
-1 4019
0 4021
0 4024
-1 4026
-1 4027
1 4028
-1 4029
-1 4030
1 4032
0 4033
-1 4034
-1 4036
-1 4037
0 4039
-1 4040
1 4041
-1 4042
0 4043
0 4044
1 4045
-1 4047
-1 4052
-1 4053
1 4054
0 4057
0 4059
0 4062
0 4063
0 4064
0 4066
0 4067
0 4069
-1 4071
-1 4074
-1 4075
-1 4078
0 4080
1 4081
1 4083
0 4084
0 4085
-1 4087
-1 4088
0 4089
1 4090
0 4092
1 4093
0 4094
-1 4095
-1 4096
-1 4099
0 4100
-1 4103
1 4106
0 4107
0 4108
0 4109
0 4110
0 4111
-1 4113
0 4119
1 4120
1 4122
0 4124
-1 4125
-1 4128
-1 4131
-1 4132
-1 4133
1 4134
0 4135
-1 4136
0 4139
0 4140
-1 4141
0 4142
0 4143
1 4144
-1 4147
-1 4149
-1 4152
0 4153
0 4155
0 4158
0 4160
0 4161
0 4163
0 4164
1 4165
0 4168
1 4170
-1 4171
1 4173
0 4174
1 4175
-1 4176
-1 4178
-1 4179
-1 4181
-1 4182
-1 4183
1 4184
-1 4185
0 4186
0 4189
-1 4190
0 4192
-1 4193
-1 4194
-1 4196
-1 4197
0 4198
0 4199
1 4201
0 4202
0 4203
0 4204
0 4205
-1 4207
-1 4209
0 4211
0 4212
0 4213
1 4214
0 4215
0 4216
0 4217
1 4218
0 4219
0 4220
0 4221
0 4222
-1 4223
1 4224
0 4225
1 4227
1 4228
0 4229
0 4230
1 4232
1 4233
-1 4234
1 4236
-1 4238
0 4239
-1 4241
1 4242
-1 4243
0 4244
0 4245
0 4247
0 4248
-1 4249
-1 4250
1 4252
0 4254
-1 4255
0 4256
-1 4257
0 4259
0 4260
-1 4261
1 4265
0 4266
1 4268
0 4269
1 4270
0 4271
-1 4272
1 4273
-1 4274
0 4276
1 4278
1 4279
-1 4280
0 4281
0 4282
1 4283
0 4284
-1 4286
0 4287
1 4288
-1 4290
0 4292
1 4293
1 4294
0 4295
-1 4296
-1 4297
0 4298
1 4299
0 4301
0 4302
0 4303
-1 4304
0 4305
-1 4306
-1 4307
0 4310
1 4311
0 4312
0 4313
0 4315
0 4317
0 4318
-1 4319
0 4320
0 4321
0 4322
0 4324
0 4325
0 4326
1 4327
1 4328
-1 4329
1 4330
0 4331
0 4333
1 4334
0 4335
0 4337
-1 4338
0 4339
0 4340
0 4341
0 4342
1 4343
1 4345
1 4346
-1 4349
0 4352
1 4353
1 4354
0 4356
1 4357
-1 4358
1 4359
0 4360
0 4361
1 4362
0 4365
1 4366
-1 4367
-1 4368
0 4369
-1 4370
0 4373
-1 4376
0 4377
-1 4378
1 4379
-1 4380
0 4381
0 4382
0 4383
-1 4384
0 4386
0 4387
-1 4388
0 4389
-1 4390
0 4391
-1 4392
1 4395
0 4396
0 4397
1 4398
1 4399
0 4401
-1 4403
1 4406
0 4407
-1 4408
0 4409
-1 4410
-1 4411
-1 4412
-1 4413
0 4414
0 4415
-1 4416
-1 4417
1 4418
0 4419
-1 4420
-1 4421
-1 4425
0 4426
-1 4428
1 4429
0 4430
-1 4431
-1 4432
0 4433
0 4436
1 4437
0 4439
0 4440
-1 4442
-1 4443
-1 4444
0 4445
0 4448
-1 4449
1 4450
0 4452
0 4453
-1 4454
0 4458
-1 4459
0 4460
-1 4461
-1 4462
0 4463
0 4464
-1 4465
0 4466
0 4467
1 4468
-1 4469
0 4470
-1 4472
0 4473
-1 4475
1 4476
0 4479
-1 4481
1 4483
0 4484
0 4485
-1 4486
1 4489
0 4490
-1 4491
0 4492
1 4493
0 4494
0 4495
0 4496
-1 4497
0 4498
1 4500
-1 4501
0 4502
1 4503
0 4505
0 4507
-1 4508
-1 4509
-1 4510
-1 4511
0 4512
0 4513
-1 4514
0 4515
-1 4516
1 4517
0 4518
-1 4519
-1 4521
0 4522
0 4523
0 4524
0 4525
0 4526
1 4527
1 4528
1 4529
0 4530
1 4531
0 4532
0 4535
-1 4536
-1 4537
0 4538
0 4540
0 4542
1 4543
1 4544
-1 4546
0 4547
1 4548
0 4550
0 4551
0 4552
0 4553
-1 4554
1 4555
1 4556
-1 4557
0 4558
0 4559
0 4563
1 4565
0 4566
-1 4568
1 4570
0 4571
0 4572
0 4573
1 4574
1 4575
-1 4576
0 4580
-1 4581
1 4583
0 4584
0 4585
0 4586
1 4588
0 4589
1 4590
0 4591
1 4593
0 4594
-1 4595
-1 4596
0 4597
-1 4598
-1 4599
1 4600
0 4601
1 4602
0 4603
1 4604
0 4605
1 4606
0 4607
0 4608
1 4609
1 4610
0 4611
0 4612
1 4614
1 4615
-1 4616
0 4617
-1 4618
0 4619
0 4620
0 4621
1 4622
0 4623
0 4624
1 4625
0 4627
1 4628
1 4629
0 4630
0 4631
0 4632
-1 4633
0 4634
-1 4636
1 4637
0 4638
0 4639
0 4640
1 4641
-1 4643
-1 4644
0 4646
0 4647
0 4648
-1 4649
1 4650
1 4651
-1 4653
-1 4655
-1 4657
0 4658
-1 4660
0 4661
0 4662
-1 4663
-1 4664
1 4665
0 4666
0 4670
0 4671
0 4672
1 4674
-1 4675
0 4676
1 4677
-1 4680
-1 4681
0 4682
0 4683
-1 4686
-1 4687
-1 4688
0 4690
0 4691
-1 4693
-1 4695
0 4697
0 4698
0 4699
0 4700
0 4701
0 4702
0 4703
1 4704
0 4705
0 4706
1 4708
0 4710
1 4711
-1 4712
0 4713
0 4714
0 4715
0 4716
0 4717
0 4718
1 4720
-1 4721
-1 4726
0 4729
0 4731
1 4733
1 4734
0 4735
-1 4736
0 4738
1 4739
0 4740
0 4741
0 4742
0 4743
1 4744
1 4745
-1 4746
0 4747
-1 4748
0 4750
-1 4753
-1 4755
0 4756
0 4757
0 4760
1 4761
0 4762
0 4763
0 4764
1 4766
-1 4768
-1 4769
-1 4772
0 4773
0 4774
0 4775
-1 4776
0 4777
1 4778
0 4780
0 4781
0 4782
1 4783
-1 4784
1 4785
-1 4786
0 4791
-1 4792
0 4794
0 4795
-1 4796
1 4797
-1 4799
0 4800
1 4801
-1 4802
1 4803
1 4804
1 4805
-1 4807
1 4808
-1 4809
0 4810
1 4811
1 4812
-1 4814
-1 4815
0 4816
1 4817
1 4818
-1 4819
1 4820
1 4821
1 4822
0 4823
1 4824
1 4825
0 4826
0 4827
-1 4828
-1 4829
-1 4830
1 4831
-1 4832
1 4833
1 4834
1 4835
0 4836
0 4837
1 4838
0 4839
0 4840
0 4841
0 4842
1 4843
-1 4844
1 4845
1 4846
1 4847
1 4848
1 4849
1 4850
1 4851
1 4852
1 4853
0 4854
1 4855
0 4856
0 4857
1 4858
0 4860
1 4861
1 4862
1 4863
1 4864
1 4865
1 4866
1 4867
1 4868
1 4869
1 4870
-1 4871
1 4872
1 4873
1 4874
1 4875
1 4876
0 4877
-1 4878
1 4879
1 4880
0 4881
-1 4882
1 4883
1 4884
-1 4885
1 4886
1 4887
1 4888
-1 4889
0 4890
0 4891
0 4892
-1 4895
1 4896
0 4898
0 4899
-1 4900
-1 4901
1 4902
-1 4903
1 4904
1 4905
0 4906
1 4907
1 4908
0 4909
1 4910
1 4911
-1 4913
1 4914
1 4915
1 4916
0 4918
0 4919
1 4920
1 4921
0 4922
-1 4923
-1 4924
-1 4925
1 4926
0 4927
1 4928
-1 4929
0 4931
1 4933
0 4934
1 4935
-1 4936
1 4937
1 4938
-1 4939
-1 4940
-1 4941
0 4942
0 4943
1 4944
0 4945
0 4947
1 4949
1 4950
1 4951
-1 4952
0 4953
-1 4954
1 4955
1 4957
-1 4958
1 4959
1 4962
1 4964
1 4965
1 4967
-1 4968
1 4969
0 4970
1 4971
0 4972
1 4974
0 4975
1 4976
1 4977
1 4979
0 4980
0 4983
-1 4986
-1 4987
1 4988
0 4989
1 4990
-1 4991
1 4993
1 4994
1 4995
1 4996
1 4998
-1 4999
-1 5000
1 5001
1 5002
-1 5004
1 5005
1 5007
1 5009
1 5011
1 5012
1 5014
1 5015
1 5017
1 5018
-1 5019
1 5020
1 5021
0 5022
0 5023
1 5025
1 5027
0 5028
1 5029
0 5030
1 5031
0 5033
0 5034
1 5036
-1 5037
0 5038
-1 5039
1 5040
-1 5041
1 5042
1 5043
1 5044
1 5045
-1 5046
0 5047
-1 5048
1 5049
1 5052
0 5053
1 5054
1 5055
1 5056
1 5057
0 5058
1 5060
0 5062
-1 5063
-1 5064
1 5065
1 5066
0 5067
1 5068
-1 5069
1 5070
1 5071
1 5072
1 5073
0 5076
-1 5077
0 5079
-1 5081
0 5082
-1 5083
-1 5084
0 5085
0 5086
1 5087
1 5088
0 5089
1 5090
1 5091
-1 5095
-1 5096
1 5097
1 5098
1 5099
-1 5100
-1 5101
1 5102
0 5103
1 5104
0 5105
0 5106
-1 5108
-1 5109
1 5110
1 5112
1 5114
1 5115
1 5117
-1 5119
1 5120
-1 5123
1 5124
0 5125
0 5126
0 5127
0 5128
1 5129
0 5130
1 5131
-1 5132
1 5135
-1 5137
1 5138
1 5141
1 5144
0 5145
-1 5146
1 5148
-1 5149
0 5151
1 5152
-1 5155
1 5156
0 5158
1 5159
-1 5160
-1 5162
1 5163
1 5164
1 5165
1 5166
1 5167
1 5169
-1 5170
1 5171
-1 5172
1 5173
-1 5175
-1 5176
-1 5177
1 5178
1 5179
1 5180
-1 5181
-1 5182
1 5183
-1 5185
-1 5186
0 5187
1 5189
1 5190
1 5191
1 5192
1 5193
1 5194
-1 5196
0 5197
0 5198
-1 5199
1 5200
0 5201
0 5202
1 5203
0 5204
1 5205
1 5206
0 5207
1 5208
0 5209
1 5210
1 5211
1 5212
0 5215
0 5216
1 5217
0 5218
-1 5219
1 5220
1 5221
1 5222
1 5224
1 5225
-1 5226
1 5227
0 5228
0 5229
1 5230
1 5231
0 5232
1 5233
1 5234
0 5236
-1 5237
0 5238
-1 5239
-1 5240
1 5241
-1 5243
-1 5245
0 5246
-1 5247
1 5249
1 5250
1 5251
1 5252
1 5253
0 5254
-1 5255
0 5256
1 5257
-1 5258
1 5259
1 5260
1 5261
1 5262
-1 5264
1 5266
-1 5267
0 5268
1 5269
0 5270
-1 5271
1 5272
1 5273
1 5274
-1 5275
1 5276
1 5277
-1 5278
1 5279
-1 5280
1 5283
1 5284
-1 5285
1 5288
1 5289
1 5290
0 5292
-1 5293
-1 5294
1 5295
1 5298
-1 5300
1 5301
1 5302
0 5303
0 5304
1 5305
1 5307
1 5308
-1 5309
1 5310
1 5311
1 5313
1 5314
-1 5315
1 5316
1 5318
1 5319
1 5320
1 5322
1 5323
-1 5324
1 5325
-1 5326
-1 5328
-1 5329
1 5330
1 5332
1 5334
-1 5335
1 5336
1 5337
1 5338
-1 5339
0 5340
-1 5341
-1 5342
1 5343
-1 5344
-1 5345
1 5346
1 5347
1 5348
-1 5349
1 5351
0 5352
-1 5353
-1 5354
1 5355
-1 5356
1 5357
1 5358
1 5359
1 5361
-1 5362
-1 5363
-1 5364
1 5365
1 5368
1 5370
1 5371
1 5372
0 5373
-1 5375
-1 5377
1 5378
0 5379
1 5380
-1 5382
-1 5383
-1 5384
0 5386
-1 5387
-1 5388
0 5389
1 5390
1 5391
1 5392
0 5393
-1 5394
1 5396
-1 5397
1 5398
1 5399
-1 5400
0 5401
1 5403
0 5404
0 5405
-1 5406
1 5407
1 5408
1 5409
-1 5410
-1 5411
-1 5412
-1 5413
-1 5414
0 5415
0 5416
1 5417
1 5418
-1 5419
-1 5420
0 5421
1 5422
1 5423
-1 5424
-1 5425
-1 5426
0 5427
-1 5429
-1 5430
-1 5431
-1 5432
1 5433
1 5434
-1 5435
-1 5436
-1 5437
-1 5438
-1 5439
-1 5440
-1 5441
-1 5442
-1 5443
1 5444
-1 5445
1 5446
1 5447
1 5448
-1 5449
-1 5450
-1 5451
1 5452
1 5453
1 5454
0 5455
1 5456
1 5457
-1 5458
-1 5459
1 5460
1 5461
-1 5462
0 5463
0 5464
0 5465
0 5466
1 5467
-1 5468
1 5469
-1 5470
1 5471
0 5472
-1 5473
1 5474
-1 5475
0 5476
-1 5477
0 5478
1 5479
-1 5480
-1 5481
1 5482
0 5483
-1 5484
0 5485
1 5486
-1 5487
0 5488
0 5489
0 5490
1 5491
-1 5492
0 5493
-1 5494
-1 5495
1 5496
1 5497
0 5498
0 5499
-1 5500
-1 5501
1 5502
1 5503
1 5504
0 5505
1 5506
-1 5507
1 5508
-1 5509
1 5510
1 5511
1 5512
1 5513
-1 5514
1 5515
-1 5516
1 5517
-1 5518
1 5519
1 5520
0 5521
-1 5522
0 5523
1 5524
1 5525
0 5526
1 5527
1 5528
-1 5529
1 5530
1 5531
1 5532
1 5533
0 5535
1 5536
1 5537
1 5538
1 5539
-1 5540
1 5541
0 5542
-1 5543
0 5544
1 5545
1 5546
1 5547
1 5548
1 5549
1 5550
1 5551
1 5552
1 5553
1 5554
1 5555
0 5556
1 5557
1 5558
1 5560
1 5561
1 5562
0 5563
0 5564
1 5565
1 5566
1 5567
1 5568
1 5569
0 5570
1 5571
0 5572
1 5573
1 5574
0 5575
1 5576
0 5577
1 5578
-1 5579
0 5580
1 5581
1 5582
-1 5583
1 5584
1 5585
1 5586
-1 5587
0 5588
0 5589
1 5590
0 5591
1 5592
1 5593
1 5594
1 5595
0 5596
1 5597
1 5598
-1 5599
1 5600
1 5601
1 5602
1 5603
-1 5604
1 5605
0 5606
0 5607
1 5608
-1 5609
1 5610
1 5611
0 5612
0 5613
-1 5614
1 5615
1 5616
-1 5617
0 5618
0 5619
-1 5620
0 5621
0 5622
1 5623
-1 5624
1 5625
-1 5626
1 5627
-1 5628
1 5629
1 5630
1 5631
1 5632
-1 5633
1 5634
1 5635
1 5636
1 5637
1 5638
1 5639
0 5640
0 5641
1 5642
1 5643
0 5644
1 5645
-1 5646
-1 5647
1 5648
1 5649
-1 5650
1 5651
0 5652
-1 5653
1 5654
-1 5655
-1 5656
1 5657
0 5658
1 5659
1 5660
0 5661
-1 5662
0 5663
-1 5664
0 5665
0 5666
0 5667
0 5668
-1 5669
1 5670
1 5671
1 5672
1 5673
1 5674
0 5675
-1 5676
0 5677
0 5678
-1 5679
1 5680
0 5681
1 5682
1 5683
1 5684
1 5685
0 5686
0 5687
1 5688
1 5692
0 5693
1 5695
1 5696
-1 5697
-1 5698
1 5699
1 5700
-1 5701
1 5702
1 5703
0 5704
0 5705
1 5706
1 5707
1 5708
-1 5709
1 5710
0 5711
-1 5712
1 5713
-1 5714
1 5715
-1 5716
1 5717
0 5718
1 5719
-1 5720
-1 5721
0 5722
1 5723
-1 5724
1 5725
1 5726
1 5727
1 5728
1 5730
-1 5731
1 5732
0 5733
1 5734
-1 5735
1 5736
1 5737
1 5738
1 5739
-1 5740
1 5741
1 5742
1 5743
1 5744
-1 5745
0 5746
0 5748
0 5749
1 5750
1 5751
1 5752
1 5754
-1 5755
1 5756
1 5758
0 5759
0 5760
0 5761
1 5762
-1 5763
0 5764
1 5765
1 5766
1 5767
-1 5768
1 5769
0 5770
0 5771
1 5772
-1 5773
1 5774
0 5775
1 5776
1 5777
0 5778
-1 5779
1 5781
-1 5782
-1 5783
1 5784
-1 5785
1 5786
-1 5787
-1 5788
0 5789
1 5790
-1 5791
1 5792
1 5793
0 5794
-1 5795
-1 5798
1 5799
0 5800
-1 5801
1 5802
-1 5803
1 5804
1 5805
1 5806
1 5807
1 5808
-1 5809
0 5810
0 5811
0 5812
1 5813
-1 5814
1 5815
-1 5816
-1 5817
1 5818
-1 5819
-1 5820
1 5821
1 5822
0 5823
-1 5824
-1 5825
1 5827
1 5828
-1 5829
-1 5830
-1 5831
-1 5832
1 5833
-1 5835
0 5836
0 5837
0 5838
1 5839
-1 5840
0 5841
1 5842
1 5843
1 5844
-1 5845
1 5846
-1 5847
0 5848
1 5849
1 5850
1 5851
1 5852
1 5853
-1 5854
1 5855
0 5856
1 5857
1 5858
0 5859
1 5860
0 5861
0 5862
1 5863
1 5864
1 5865
1 5866
0 5867
-1 5868
0 5869
0 5870
-1 5871
0 5872
-1 5873
1 5874
1 5875
-1 5876
1 5877
1 5878
1 5879
0 5880
-1 5881
-1 5882
1 5883
0 5884
1 5885
-1 5886
-1 5887
1 5888
-1 5889
-1 5890
1 5891
0 5892
1 5893
-1 5894
-1 5895
0 5896
0 5897
0 5898
0 5899
-1 5900
-1 5901
0 5902
1 5904
-1 5905
1 5906
1 5908
1 5909
0 5910
-1 5911
0 5912
1 5913
1 5914
1 5915
0 5917
1 5918
0 5919
0 5920
0 5921
-1 5922
1 5923
-1 5924
-1 5925
1 5926
1 5927
0 5928
-1 5929
1 5930
0 5931
1 5932
0 5933
1 5934
1 5935
1 5936
1 5937
1 5938
0 5939
1 5940
1 5941
-1 5942
0 5943
1 5944
-1 5945
1 5946
1 5947
0 5948
-1 5949
-1 5950
-1 5951
1 5952
1 5953
1 5954
1 5955
1 5957
1 5958
1 5959
1 5960
-1 5961
0 5962
1 5963
1 5965
0 5966
-1 5967
0 5968
1 5969
1 5970
0 5971
1 5972
1 5973
1 5974
1 5975
0 5977
0 5978
1 5979
1 5980
-1 5981
1 5982
1 5983
0 5984
-1 5985
1 5986
0 5987
1 5988
-1 5989
0 5990
-1 5991
-1 5992
1 5993
0 5994
1 5995
1 5996
1 5997
-1 5998
-1 5999
-1 6001
0 6002
-1 6003
1 6004
0 6005
-1 6007
-1 6008
-1 6009
1 6011
-1 6012
-1 6014
0 6015
0 6016
1 6017
1 6018
0 6019
0 6020
-1 6021
0 6022
-1 6023
-1 6024
1 6025
-1 6026
1 6027
0 6028
-1 6030
-1 6031
1 6032
1 6034
0 6035
0 6036
0 6037
1 6038
-1 6039
0 6040
0 6041
-1 6042
-1 6043
1 6044
1 6045
-1 6046
1 6047
1 6048
-1 6049
0 6050
0 6052
-1 6053
-1 6054
-1 6055
1 6056
-1 6057
-1 6058
-1 6059
1 6061
0 6062
0 6064
-1 6065
0 6066
-1 6067
0 6068
0 6069
0 6070
0 6071
-1 6072
0 6073
-1 6074
-1 6076
0 6079
-1 6080
-1 6081
-1 6085
-1 6087
0 6088
-1 6089
-1 6092
0 6093
-1 6094
-1 6096
0 6099
-1 6100
-1 6102
0 6104
-1 6106
1 6107
0 6108
0 6109
0 6110
1 6111
0 6112
1 6113
-1 6119
0 6120
0 6121
0 6122
-1 6123
0 6124
-1 6126
1 6127
-1 6128
0 6130
0 6132
1 6133
-1 6134
-1 6137
0 6140
0 6142
0 6145
-1 6146
-1 6147
1 6150
0 6151
0 6152
-1 6154
-1 6155
-1 6158
-1 6159
-1 6160
-1 6161
-1 6162
-1 6163
0 6165
0 6166
-1 6167
-1 6168
-1 6169
0 6170
-1 6171
0 6172
-1 6174
0 6176
0 6177
1 6180
-1 6182
0 6183
-1 6185
1 6187
1 6189
1 6190
-1 6193
0 6194
-1 6195
0 6197
0 6200
1 6201
0 6202
-1 6203
1 6204
1 6205
-1 6207
0 6208
0 6209
0 6210
-1 6215
0 6216
1 6217
0 6220
-1 6222
-1 6223
0 6224
-1 6225
-1 6226
-1 6227
-1 6228
1 6229
0 6231
1 6232
-1 6233
-1 6235
1 6236
1 6237
-1 6238
-1 6239
-1 6240
-1 6241
0 6242
1 6243
0 6244
-1 6245
0 6247
0 6250
0 6252
1 6253
-1 6254
-1 6256
-1 6258
0 6259
0 6260
-1 6262
0 6265
-1 6266
-1 6267
0 6268
-1 6269
-1 6272
1 6274
0 6275
-1 6276
-1 6277
-1 6278
-1 6279
0 6280
-1 6281
-1 6283
0 6284
1 6286
-1 6288
0 6290
0 6291
0 6292
0 6293
0 6294
0 6295
-1 6298
-1 6300
-1 6301
-1 6303
0 6304
1 6305
1 6306
0 6308
-1 6309
1 6310
-1 6311
0 6314
-1 6315
0 6317
0 6318
1 6319
1 6321
-1 6322
0 6324
-1 6325
0 6326
0 6330
1 6331
0 6333
-1 6335
1 6336
1 6337
-1 6338
0 6339
-1 6340
-1 6341
1 6342
1 6343
0 6345
-1 6346
0 6347
0 6350
0 6351
0 6352
1 6353
0 6354
-1 6355
-1 6356
0 6357
-1 6358
0 6360
0 6361
-1 6364
0 6365
0 6366
0 6367
-1 6368
1 6370
0 6371
1 6372
1 6373
1 6374
-1 6375
-1 6376
-1 6377
-1 6380
-1 6381
0 6382
1 6385
0 6386
1 6388
0 6389
-1 6390
0 6392
0 6393
0 6394
1 6395
1 6397
-1 6398
-1 6400
0 6401
-1 6402
-1 6403
-1 6404
0 6405
0 6406
0 6407
-1 6408
1 6410
1 6411
-1 6412
0 6413
1 6416
-1 6417
-1 6418
0 6422
1 6424
-1 6427
0 6428
0 6430
-1 6431
-1 6432
0 6433
1 6434
1 6435
-1 6436
0 6438
0 6439
0 6440
0 6441
-1 6442
0 6444
0 6445
0 6446
0 6448
0 6449
0 6450
0 6452
-1 6453
0 6455
1 6457
-1 6458
0 6459
-1 6460
0 6462
0 6463
0 6465
0 6468
1 6469
-1 6470
1 6471
-1 6472
0 6475
0 6476
0 6477
-1 6478
1 6479
-1 6480
-1 6482
-1 6484
-1 6485
-1 6486
-1 6487
0 6490
-1 6491
0 6492
0 6493
0 6494
-1 6495
1 6496
1 6497
0 6499
-1 6500
-1 6501
0 6502
-1 6503
-1 6504
-1 6505
1 6506
1 6507
-1 6508
0 6510
-1 6511
0 6512
1 6513
-1 6514
-1 6515
0 6516
-1 6517
-1 6519
-1 6521
-1 6522
-1 6524
-1 6525
1 6526
-1 6527
-1 6528
0 6529
0 6531
0 6532
0 6533
1 6534
0 6535
1 6536
0 6539
-1 6540
-1 6541
-1 6542
-1 6543
1 6545
-1 6546
-1 6547
1 6550
0 6551
1 6553
-1 6554
1 6555
1 6557
-1 6558
1 6559
1 6560
1 6562
-1 6563
-1 6564
-1 6565
-1 6567
-1 6568
-1 6569
0 6573
0 6574
-1 6575
0 6577
-1 6578
0 6579
-1 6581
-1 6582
-1 6583
-1 6584
-1 6585
-1 6587
-1 6589
0 6590
-1 6591
0 6593
-1 6594
0 6595
0 6596
-1 6597
0 6598
-1 6601
-1 6602
-1 6603
0 6605
-1 6606
-1 6608
0 6609
1 6610
-1 6611
1 6613
-1 6614
-1 6615
1 6617
1 6619
-1 6621
1 6622
0 6623
1 6625
1 6627
0 6629
1 6630
0 6631
0 6632
0 6637
0 6638
0 6639
1 6640
1 6641
-1 6643
1 6644
0 6647
1 6648
0 6649
1 6651
0 6652
-1 6653
1 6654
-1 6656
1 6659
0 6661
1 6663
1 6664
1 6665
-1 6667
1 6668
1 6671
0 6672
1 6676
-1 6677
-1 6678
-1 6681
1 6684
-1 6688
1 6689
0 6690
-1 6691
1 6692
0 6693
0 6696
1 6697
1 6698
1 6700
1 6701
1 6704
1 6706
0 6711
-1 6712
0 6713
1 6714
0 6715
-1 6716
1 6717
0 6718
1 6719
-1 6720
-1 6724
0 6728
-1 6729
1 6734
-1 6735
-1 6736
0 6737
0 6738
1 6740
-1 6741
1 6744
1 6747
-1 6749
-1 6750
1 6752
0 6753
-1 6755
0 6756
0 6757
-1 6758
0 6759
-1 6760
0 6761
-1 6763
-1 6764
0 6768
0 6769
0 6770
-1 6772
1 6773
1 6774
0 6776
0 6777
0 6778
-1 6779
0 6780
1 6781
1 6782
-1 6783
1 6784
0 6785
0 6786
-1 6787
-1 6789
-1 6790
1 6791
-1 6792
0 6794
0 6795
0 6796
0 6798
0 6800
0 6801
0 6802
1 6804
1 6810
0 6811
0 6812
0 6813
1 6814
-1 6815
-1 6816
1 6817
-1 6818
-1 6819
0 6821
0 6822
0 6824
0 6825
1 6826
0 6827
-1 6829
0 6830
1 6831
0 6833
1 6834
0 6836
1 6837
1 6838
0 6839
-1 6841
-1 6845
0 6847
0 6848
0 6850
1 6853
1 6854
-1 6855
0 6858
-1 6862
0 6864
1 6865
1 6866
1 6867
0 6868
0 6869
0 6870
-1 6871
0 6873
-1 6874
0 6876
0 6877
-1 6878
0 6879
-1 6883
1 6886
-1 6887
0 6888
0 6889
0 6891
0 6893
0 6894
1 6895
-1 6896
-1 6897
0 6898
1 6899
-1 6903
0 6906
0 6907
0 6908
-1 6909
1 6910
1 6911
1 6912
1 6913
1 6914
0 6917
0 6918
0 6919
1 6920
0 6922
0 6923
1 6924
0 6925
1 6927
1 6929
0 6930
-1 6931
0 6932
0 6933
0 6934
0 6935
-1 6938
-1 6939
0 6940
0 6942
-1 6944
0 6945
-1 6946
1 6947
0 6948
0 6949
0 6950
0 6951
1 6952
1 6953
-1 6954
0 6958
0 6964
-1 6965
1 6967
-1 6969
0 6971
0 6972
0 6973
0 6974
-1 6976
-1 6977
-1 6980
0 6981
0 6985
0 6986
-1 6987
1 6988
-1 6990
1 6991
0 6992
0 6993
0 6996
0 6997
0 6998
0 7000
1 7002
-1 7003
1 7004
1 7006
1 7010
1 7011
-1 7012
0 7013
0 7015
1 7017
0 7018
0 7019
1 7020
-1 7021
0 7022
1 7023
1 7024
-1 7025
1 7028
0 7029
0 7031
1 7033
0 7034
1 7035
-1 7039
-1 7040
0 7041
-1 7042
1 7043
0 7045
-1 7046
-1 7048
1 7049
0 7050
0 7051
0 7052
-1 7053
1 7054
-1 7055
0 7056
0 7057
1 7061
1 7062
-1 7063
0 7064
-1 7065
0 7066
0 7067
1 7069
1 7070
-1 7071
0 7072
1 7073
1 7074
0 7075
-1 7076
-1 7078
1 7079
0 7080
0 7081
0 7082
0 7083
1 7088
1 7089
1 7090
1 7091
-1 7092
-1 7097
0 7098
1 7099
1 7102
0 7103
-1 7104
1 7106
0 7107
-1 7110
1 7111
0 7114
0 7115
-1 7118
1 7121
1 7122
-1 7123
0 7124
0 7125
1 7127
1 7128
0 7129
1 7134
0 7136
0 7138
0 7140
0 7141
1 7143
-1 7148
1 7149
0 7151
1 7152
-1 7153
1 7155
0 7156
0 7157
0 7160
0 7162
-1 7168
-1 7170
0 7174
0 7176
0 7180
-1 7182
0 7183
-1 7185
-1 7186
1 7188
0 7189
0 7190
1 7192
0 7193
0 7194
0 7195
