0.00000 0.00000 0.00000 0.00000 0.00000 0.32335 -0.50967 -0.34884 0.00000 0.00000 -0.38545 0.81826
0.00000 0.00000 0.54411 0.00000 0.35854 0.00000 0.00000 0.00000 0.56464 0.00000 0.00000 -0.41212
0.00000 0.46040 0.00000 0.00000 0.00000 0.00000 0.00000 0.00000 0.46020 0.00000 0.00000 0.00000
0.00000 0.00000 0.00000 0.00000 0.74725 0.34137 0.00000 0.00000 0.00000 0.00000 0.00000 0.00000
0.00000 0.00000 0.00000 0.42643 0.00000 0.00000 0.00000 0.00000 0.00000 0.00000 0.00000 0.00000
0.00000 0.00000 0.00000 0.00000 0.00000 0.00000 0.00000 0.00000 0.00000 0.00000 0.00000 -0.70417
0.00000 0.00000 0.00000 0.00000 0.00000 0.00000 0.00000 0.00000 0.00000 0.00000 0.00000 0.00000
0.00000 0.00000 0.00000 0.00000 0.00000 0.00000 0.00000 0.00000 0.00000 0.00000 0.00000 0.49042
0.00000 0.00000 0.00000 0.00000 0.00000 0.00000 0.00000 0.00000 0.00000 0.00000 0.00000 0.00000
0.00000 0.00000 0.00000 0.00000 0.00000 0.00000 0.00000 0.00000 0.00000 0.00000 0.00000 0.00000
0.00000 0.00000 0.00000 0.00000 0.00000 0.00000 0.00000 -0.35751 0.00000 0.00000 0.00000 0.71354
0.00000 0.00000 0.00000 0.00000 0.00000 -0.42410 0.00000 0.45816 0.00000 0.00000 0.46180 0.00000
