0.00000 -0.56430 0.08367 -0.00433 0.00000 0.00000 -0.56071 0.00000 0.00000 -0.21263 0.00000 0.72215
0.00000 0.00000 0.95189 0.00000 0.51510 0.00000 0.00000 -0.44995 0.66684 0.00000 0.00000 -0.78090
0.00000 0.00000 0.00000 0.88163 0.00000 0.00000 0.00000 0.40518 0.35190 0.00000 0.00000 0.37555
0.00000 0.00000 0.00000 0.00000 0.99607 0.84886 -0.15501 0.00000 0.00000 0.22569 0.00000 0.00000
0.00000 0.00000 0.00000 0.00000 0.00000 0.00000 0.00000 0.06741 0.00000 0.29209 0.00000 0.00000
0.00000 0.00000 0.00000 0.00000 0.00000 0.00000 0.00000 -0.16828 -0.35699 -0.03881 -0.12005 -0.80613
0.00000 0.00000 0.00000 0.00000 0.00000 0.00000 0.00000 0.00000 0.00000 0.00000 0.00000 0.00000
0.00000 0.00000 0.00000 0.00000 0.00000 0.00000 0.00000 0.00000 0.18885 0.00000 -0.01918 0.49822
0.00000 0.00000 0.00000 0.00000 0.00000 0.00000 0.00000 0.00000 0.00000 0.00000 0.00000 0.00000
0.00000 0.00000 0.00000 0.00000 0.00000 0.00000 0.00000 0.00000 0.00000 0.00000 0.00000 0.00000
0.00000 0.00000 0.00000 0.00000 0.00000 0.00000 0.00000 0.00000 0.00000 0.00000 0.00000 0.70705
0.00000 0.00000 0.00000 0.00000 0.00000 0.00000 0.00000 0.00000 0.00000 0.00000 0.00000 0.00000
